165
Párt1 1 198663 10
Párt2 1 199126 10
Párt3 1 24009 10
Párt4 1 42086 10
Párt5 0 152101 5
Párt6 1 117863 5
Párt7 0 166506 10
Párt8 1 1050 5
Párt9 1 91087 10
Párt10 0 159615 10
Párt11 0 44495 5
Párt12 1 123849 10
Párt13 0 180905 5
Párt14 0 59689 5
Párt15 0 8989 10
Párt16 1 160219 15
Párt17 0 127683 10
Párt18 0 84682 5
Párt19 1 87906 5
Párt20 1 16000 10
Párt21 0 105803 15
Párt22 0 78383 5
Párt23 1 14548 10
Párt24 1 189366 5
Párt25 0 9666809 10
Párt26 1 146250 10
Párt27 1 32021 5
Párt28 0 192504 10
Párt29 0 5030 10
Párt30 1 150144 10
Párt31 1 185407 10
Párt32 1 149397 10
Párt33 1 88042 10
Párt34 0 11842 10
Párt35 0 44181 10
Párt36 0 9718 5
Párt37 0 187824 5
Párt38 1 60053 5
Párt39 1 130378 5
Párt40 1 80141 5
Párt41 1 192583 5
Párt42 0 42179 10
Párt43 1 59431 10
Párt44 1 55603 5
Párt45 0 154316 10
Párt46 1 5326 10
Párt47 0 161316 10
Párt48 0 88927 5
Párt49 1 107164 5
Párt50 1 87615 5
Párt51 0 109 5
Párt52 1 20480 5
Párt53 1 60142 5
Párt54 0 136107 10
Párt55 0 18716 5
Párt56 0 99681 10
Párt57 0 158529 5
Párt58 1 112313 10
Párt59 1 39358 5
Párt60 1 60255 5
Párt61 1 106762 10
Párt62 1 27 10
Párt63 1 34502 15
Párt64 0 193937 5
Párt65 0 25392 5
Párt66 1 121158 5
Párt67 1 36728 5
Párt68 0 3430 10
Párt69 1 127737 10
Párt70 1 53786 10
Párt71 1 42454 5
Párt72 0 66548 10
Párt73 1 129606 5
Párt74 0 150580 5
Párt75 1 86432 10
Párt76 1 76836 5
Párt77 0 153399 10
Párt78 1 29727 10
Párt79 0 99267 5
Párt80 0 61465 10
Párt81 1 10430 10
Párt82 0 124190 5
Párt83 0 174722 10
Párt84 1 165563 5
Párt85 0 199802 5
