165
Párt1 0 48244 5
Párt2 0 83428 5
Párt3 1 16494 5
Párt4 0 199708 10
Párt5 1 165190 5
Párt6 1 197699 10
Párt7 0 138745 10
Párt8 0 83835 10
Párt9 0 107794 10
Párt10 0 104856 10
Párt11 0 128388 10
Párt12 0 23234 10
Párt13 1 87659 10
Párt14 1 96693 5
Párt15 0 3306 5
Párt16 1 43535 10
Párt17 1 47533 15
Párt18 1 91688 10
Párt19 1 153916 15
Párt20 1 168585 10
Párt21 1 98138 10
Párt22 1 68077 5
Párt23 0 37933 15
Párt24 1 95093 5
Párt25 1 188603 5
Párt26 0 79356 10
Párt27 1 70098 5
Párt28 1 49682 5
Párt29 1 84247 10
Párt30 0 10684 5
Párt31 0 162032 10
Párt32 1 75033 5
Párt33 0 170570 10
Párt34 1 1729 10
Párt35 0 26117 5
Párt36 0 11759 5
Párt37 1 32405 5
Párt38 1 74423 5
Párt39 0 5300 10
Párt40 0 95746 5
Párt41 1 35371 5
Párt42 1 111358 5
Párt43 0 36339 10
Párt44 1 102668 5
Párt45 1 178487 5
Párt46 0 92709 5
Párt47 0 122968 10
Párt48 0 136013 10
Párt49 0 176498 5
Párt50 1 34437 10
Párt51 1 22308 10
Párt52 1 22499 10
Párt53 0 104148 5
Párt54 1 85447 10
Párt55 0 148136 10
Párt56 1 118468 10
Párt57 1 160507 5
Párt58 1 21211 5
Párt59 1 144155 5
Párt60 0 107397 5
Párt61 1 105942 5
Párt62 0 27175 5
Párt63 0 95634 5
Párt64 1 81673 10
Párt65 1 66306 10
Párt66 0 132668 5
Párt67 0 87760 5
Párt68 0 147075 5
Párt69 1 121526 5
Párt70 1 79455 10
Párt71 0 176878 10
Párt72 0 163044 10
Párt73 0 135405 5
Párt74 0 11639 10
Párt75 0 3510 5
Párt76 0 6301608 5
Párt77 1 187551 10
Párt78 1 165606 5
Párt79 1 43421 10
Párt80 1 62300 5
Párt81 1 110222 15
Párt82 1 137363 5
Párt83 1 146849 5
Párt84 0 199435 10
Párt85 1 138366 10
